0 0 6
1 1 7
2 2 8
3 3 9
4 4 10
5 5 11
6 0 5
7 0 59
8 11 55
9 0 51
10 0 57
11 3 48
12 9 48
13 1 52
14 1 58
15 4 49
16 10 49
17 2 53
18 2 59
19 5 50
20 11 50
21 3 54
22 6 51
23 4 55
24 7 52
25 5 56
26 8 53
27 6 57
28 9 54
29 7 58
30 10 55
31 8 59
32 11 56
33 60 66
34 61 67
35 62 68
36 63 69
37 64 70
38 65 71
39 60 65
40 60 67
41 61 66
42 61 68
43 62 67
44 62 69
45 63 68
46 63 70
47 64 69
48 64 71
49 65 70
50 66 71
51 60 64
52 60 68
53 61 65
54 61 69
55 62 66
56 62 70
57 63 67
58 63 71
59 64 68
60 65 69
61 66 70
62 67 71
63 60 63
64 60 69
65 61 64
66 61 70
67 62 65
68 62 71
69 63 66
70 64 67
71 65 68
72 66 69
73 67 70
74 68 71
75 48 66
76 54 60
77 49 67
78 55 61
79 50 68
80 56 62
81 51 69
82 57 63
83 52 70
84 58 64
85 53 71
86 59 65
87 48 65
88 48 67
89 53 60
90 55 60
91 49 66
92 49 68
93 54 61
94 56 61
95 50 67
96 50 69
97 55 62
98 57 62
99 51 68
100 51 70
101 56 63
102 58 63
103 52 69
104 52 71
105 57 64
106 59 64
107 53 70
108 58 65
109 54 71
110 59 66
111 48 64
112 48 68
113 52 60
114 56 60
115 49 65
116 49 69
117 53 61
118 57 61
119 50 66
120 50 70
121 54 62
122 58 62
123 51 67
124 51 71
125 55 63
126 59 63
127 52 68
128 56 64
129 53 69
130 57 65
131 54 70
132 58 66
133 55 71
134 59 67
135 48 63
136 48 69
137 51 60
138 57 60
139 49 64
140 49 70
141 52 61
142 58 61
143 50 65
144 50 71
145 53 62
146 59 62
147 51 66
148 54 63
149 52 67
150 55 64
151 53 68
152 56 65
153 54 69
154 57 66
155 55 70
156 58 67
157 56 71
158 59 68
159 36 66
160 42 60
161 37 67
162 43 61
163 38 68
164 44 62
165 39 69
166 45 63
167 40 70
168 46 64
169 41 71
170 47 65
171 36 65
172 36 67
173 41 60
174 43 60
175 37 66
176 37 68
177 42 61
178 44 61
179 38 67
180 38 69
181 43 62
182 45 62
183 39 68
184 39 70
185 44 63
186 46 63
187 40 69
188 40 71
189 45 64
190 47 64
191 41 70
192 46 65
193 42 71
194 47 66
195 36 64
196 36 68
197 40 60
198 44 60
199 37 65
200 37 69
201 41 61
202 45 61
203 38 66
204 38 70
205 42 62
206 46 62
207 39 67
208 39 71
209 43 63
210 47 63
211 40 68
212 44 64
213 41 69
214 45 65
215 42 70
216 46 66
217 43 71
218 47 67
219 36 63
220 36 69
221 39 60
222 45 60
223 37 64
224 37 70
225 40 61
226 46 61
227 38 65
228 38 71
229 41 62
230 47 62
231 39 66
232 42 63
233 40 67
234 43 64
235 41 68
236 44 65
237 42 69
238 45 66
239 43 70
240 46 67
241 44 71
242 47 68
243 24 66
244 30 60
245 25 67
246 31 61
247 26 68
248 32 62
249 27 69
250 33 63
251 28 70
252 34 64
253 29 71
254 35 65
255 24 65
256 24 67
257 29 60
258 31 60
259 25 66
260 25 68
261 30 61
262 32 61
263 26 67
264 26 69
265 31 62
266 33 62
267 27 68
268 27 70
269 32 63
270 34 63
271 28 69
272 28 71
273 33 64
274 35 64
275 29 70
276 34 65
277 30 71
278 35 66
279 24 64
280 24 68
281 28 60
282 32 60
283 25 65
284 25 69
285 29 61
286 33 61
287 26 66
288 26 70
289 30 62
290 34 62
291 27 67
292 27 71
293 31 63
294 35 63
295 28 68
296 32 64
297 29 69
298 33 65
299 30 70
300 34 66
301 31 71
302 35 67
303 24 63
304 24 69
305 27 60
306 33 60
307 25 64
308 25 70
309 28 61
310 34 61
311 26 65
312 26 71
313 29 62
314 35 62
315 27 66
316 30 63
317 28 67
318 31 64
319 29 68
320 32 65
321 30 69
322 33 66
323 31 70
324 34 67
325 32 71
326 35 68
327 12 66
328 18 60
329 13 67
330 19 61
331 14 68
332 20 62
333 15 69
334 21 63
335 16 70
336 22 64
337 17 71
338 23 65
339 12 65
340 12 67
341 17 60
342 19 60
343 13 66
344 13 68
345 18 61
346 20 61
347 14 67
348 14 69
349 19 62
350 21 62
351 15 68
352 15 70
353 20 63
354 22 63
355 16 69
356 16 71
357 21 64
358 23 64
359 17 70
360 22 65
361 18 71
362 23 66
363 12 64
364 12 68
365 16 60
366 20 60
367 13 65
368 13 69
369 17 61
370 21 61
371 14 66
372 14 70
373 18 62
374 22 62
375 15 67
376 15 71
377 19 63
378 23 63
379 16 68
380 20 64
381 17 69
382 21 65
383 18 70
384 22 66
385 19 71
386 23 67
387 12 63
388 12 69
389 15 60
390 21 60
391 13 64
392 13 70
393 16 61
394 22 61
395 14 65
396 14 71
397 17 62
398 23 62
399 15 66
400 18 63
401 16 67
402 19 64
403 17 68
404 20 65
405 18 69
406 21 66
407 19 70
408 22 67
409 20 71
410 23 68
411 0 66
412 6 60
413 1 67
414 7 61
415 2 68
416 8 62
417 3 69
418 9 63
419 4 70
420 10 64
421 5 71
422 11 65
423 0 65
424 0 67
425 5 60
426 7 60
427 1 66
428 1 68
429 6 61
430 8 61
431 2 67
432 2 69
433 7 62
434 9 62
435 3 68
436 3 70
437 8 63
438 10 63
439 4 69
440 4 71
441 9 64
442 11 64
443 5 70
444 10 65
445 6 71
446 11 66
447 0 64
448 0 68
449 4 60
450 8 60
451 1 65
452 1 69
453 5 61
454 9 61
455 2 66
456 2 70
457 6 62
458 10 62
459 3 67
460 3 71
461 7 63
462 11 63
463 4 68
464 8 64
465 5 69
466 9 65
467 6 70
468 10 66
469 7 71
470 11 67
471 0 63
472 0 69
473 3 60
474 9 60
475 1 64
476 1 70
477 4 61
478 10 61
479 2 65
480 2 71
481 5 62
482 11 62
483 3 66
484 6 63
485 4 67
486 7 64
487 5 68
488 8 65
489 6 69
490 9 66
491 7 70
492 10 67
493 8 71
494 11 68
