0 0 4
1 1 5
2 2 6
3 3 7
4 0 3
5 0 5
6 1 4
7 1 6
8 2 5
9 2 7
10 3 6
11 4 7
12 8 12
13 9 13
14 10 14
15 11 15
16 8 11
17 8 13
18 9 12
19 9 14
20 10 13
21 10 15
22 11 14
23 12 15
24 0 12
25 4 8
26 1 13
27 5 9
28 2 14
29 6 10
30 3 15
31 7 11
32 0 11
33 0 13
34 3 8
35 5 8
36 1 12
37 1 14
38 4 9
39 6 9
40 2 13
41 2 15
42 5 10
43 7 10
44 3 14
45 6 11
46 4 15
47 7 12
48 16 20
49 17 21
50 18 22
51 19 23
52 16 19
53 16 21
54 17 20
55 17 22
56 18 21
57 18 23
58 19 22
59 20 23
60 8 20
61 12 16
62 9 21
63 13 17
64 10 22
65 14 18
66 11 23
67 15 19
68 8 19
69 8 21
70 11 16
71 13 16
72 9 20
73 9 22
74 12 17
75 14 17
76 10 21
77 10 23
78 13 18
79 15 18
80 11 22
81 14 19
82 12 23
83 15 20
84 0 20
85 4 16
86 1 21
87 5 17
88 2 22
89 6 18
90 3 23
91 7 19
92 0 19
93 0 21
94 3 16
95 5 16
96 1 20
97 1 22
98 4 17
99 6 17
100 2 21
101 2 23
102 5 18
103 7 18
104 3 22
105 6 19
106 4 23
107 7 20
