0 0 6
1 1 7
2 2 8
3 3 9
4 4 10
5 5 11
6 0 5
7 0 7
8 1 6
9 1 8
10 2 7
11 2 9
12 3 8
13 3 10
14 4 9
15 4 11
16 5 10
17 6 11
18 0 4
19 0 8
20 1 5
21 1 9
22 2 6
23 2 10
24 3 7
25 3 11
26 4 8
27 5 9
28 6 10
29 7 11
30 12 18
31 13 19
32 14 20
33 15 21
34 16 22
35 17 23
36 12 17
37 12 19
38 13 18
39 13 20
40 14 19
41 14 21
42 15 20
43 15 22
44 16 21
45 16 23
46 17 22
47 18 23
48 12 16
49 12 20
50 13 17
51 13 21
52 14 18
53 14 22
54 15 19
55 15 23
56 16 20
57 17 21
58 18 22
59 19 23
60 0 18
61 6 12
62 1 19
63 7 13
64 2 20
65 8 14
66 3 21
67 9 15
68 4 22
69 10 16
70 5 23
71 11 17
72 0 17
73 0 19
74 5 12
75 7 12
76 1 18
77 1 20
78 6 13
79 8 13
80 2 19
81 2 21
82 7 14
83 9 14
84 3 20
85 3 22
86 8 15
87 10 15
88 4 21
89 4 23
90 9 16
91 11 16
92 5 22
93 10 17
94 6 23
95 11 18
96 0 16
97 0 20
98 4 12
99 8 12
100 1 17
101 1 21
102 5 13
103 9 13
104 2 18
105 2 22
106 6 14
107 10 14
108 3 19
109 3 23
110 7 15
111 11 15
112 4 20
113 8 16
114 5 21
115 9 17
116 6 22
117 10 18
118 7 23
119 11 19
120 24 30
121 25 31
122 26 32
123 27 33
124 28 34
125 29 35
126 24 29
127 24 31
128 25 30
129 25 32
130 26 31
131 26 33
132 27 32
133 27 34
134 28 33
135 28 35
136 29 34
137 30 35
138 24 28
139 24 32
140 25 29
141 25 33
142 26 30
143 26 34
144 27 31
145 27 35
146 28 32
147 29 33
148 30 34
149 31 35
150 12 30
151 18 24
152 13 31
153 19 25
154 14 32
155 20 26
156 15 33
157 21 27
158 16 34
159 22 28
160 17 35
161 23 29
162 12 29
163 12 31
164 17 24
165 19 24
166 13 30
167 13 32
168 18 25
169 20 25
170 14 31
171 14 33
172 19 26
173 21 26
174 15 32
175 15 34
176 20 27
177 22 27
178 16 33
179 16 35
180 21 28
181 23 28
182 17 34
183 22 29
184 18 35
185 23 30
186 12 28
187 12 32
188 16 24
189 20 24
190 13 29
191 13 33
192 17 25
193 21 25
194 14 30
195 14 34
196 18 26
197 22 26
198 15 31
199 15 35
200 19 27
201 23 27
202 16 32
203 20 28
204 17 33
205 21 29
206 18 34
207 22 30
208 19 35
209 23 31
210 0 30
211 6 24
212 1 31
213 7 25
214 2 32
215 8 26
216 3 33
217 9 27
218 4 34
219 10 28
220 5 35
221 11 29
222 0 29
223 0 31
224 5 24
225 7 24
226 1 30
227 1 32
228 6 25
229 8 25
230 2 31
231 2 33
232 7 26
233 9 26
234 3 32
235 3 34
236 8 27
237 10 27
238 4 33
239 4 35
240 9 28
241 11 28
242 5 34
243 10 29
244 6 35
245 11 30
246 0 28
247 0 32
248 4 24
249 8 24
250 1 29
251 1 33
252 5 25
253 9 25
254 2 30
255 2 34
256 6 26
257 10 26
258 3 31
259 3 35
260 7 27
261 11 27
262 4 32
263 8 28
264 5 33
265 9 29
266 6 34
267 10 30
268 7 35
269 11 31
270 36 42
271 37 43
272 38 44
273 39 45
274 40 46
275 41 47
276 36 41
277 36 43
278 37 42
279 37 44
280 38 43
281 38 45
282 39 44
283 39 46
284 40 45
285 40 47
286 41 46
287 42 47
288 36 40
289 36 44
290 37 41
291 37 45
292 38 42
293 38 46
294 39 43
295 39 47
296 40 44
297 41 45
298 42 46
299 43 47
300 24 42
301 30 36
302 25 43
303 31 37
304 26 44
305 32 38
306 27 45
307 33 39
308 28 46
309 34 40
310 29 47
311 35 41
312 24 41
313 24 43
314 29 36
315 31 36
316 25 42
317 25 44
318 30 37
319 32 37
320 26 43
321 26 45
322 31 38
323 33 38
324 27 44
325 27 46
326 32 39
327 34 39
328 28 45
329 28 47
330 33 40
331 35 40
332 29 46
333 34 41
334 30 47
335 35 42
336 24 40
337 24 44
338 28 36
339 32 36
340 25 41
341 25 45
342 29 37
343 33 37
344 26 42
345 26 46
346 30 38
347 34 38
348 27 43
349 27 47
350 31 39
351 35 39
352 28 44
353 32 40
354 29 45
355 33 41
356 30 46
357 34 42
358 31 47
359 35 43
360 12 42
361 18 36
362 13 43
363 19 37
364 14 44
365 20 38
366 15 45
367 21 39
368 16 46
369 22 40
370 17 47
371 23 41
372 12 41
373 12 43
374 17 36
375 19 36
376 13 42
377 13 44
378 18 37
379 20 37
380 14 43
381 14 45
382 19 38
383 21 38
384 15 44
385 15 46
386 20 39
387 22 39
388 16 45
389 16 47
390 21 40
391 23 40
392 17 46
393 22 41
394 18 47
395 23 42
396 12 40
397 12 44
398 16 36
399 20 36
400 13 41
401 13 45
402 17 37
403 21 37
404 14 42
405 14 46
406 18 38
407 22 38
408 15 43
409 15 47
410 19 39
411 23 39
412 16 44
413 20 40
414 17 45
415 21 41
416 18 46
417 22 42
418 19 47
419 23 43
420 0 42
421 6 36
422 1 43
423 7 37
424 2 44
425 8 38
426 3 45
427 9 39
428 4 46
429 10 40
430 5 47
431 11 41
432 0 41
433 0 43
434 5 36
435 7 36
436 1 42
437 1 44
438 6 37
439 8 37
440 2 43
441 2 45
442 7 38
443 9 38
444 3 44
445 3 46
446 8 39
447 10 39
448 4 45
449 4 47
450 9 40
451 11 40
452 5 46
453 10 41
454 6 47
455 11 42
456 0 40
457 0 44
458 4 36
459 8 36
460 1 41
461 1 45
462 5 37
463 9 37
464 2 42
465 2 46
466 6 38
467 10 38
468 3 43
469 3 47
470 7 39
471 11 39
472 4 44
473 8 40
474 5 45
475 9 41
476 6 46
477 10 42
478 7 47
479 11 43
480 48 54
481 49 55
482 50 56
483 51 57
484 52 58
485 53 59
486 48 53
487 48 55
488 49 54
489 49 56
490 50 55
491 50 57
492 51 56
493 51 58
494 52 57
495 52 59
496 53 58
497 54 59
498 48 52
499 48 56
500 49 53
501 49 57
502 50 54
503 50 58
504 51 55
505 51 59
506 52 56
507 53 57
508 54 58
509 55 59
510 36 54
511 42 48
512 37 55
513 43 49
514 38 56
515 44 50
516 39 57
517 45 51
518 40 58
519 46 52
520 41 59
521 47 53
522 36 53
523 36 55
524 41 48
525 43 48
526 37 54
527 37 56
528 42 49
529 44 49
530 38 55
531 38 57
532 43 50
533 45 50
534 39 56
535 39 58
536 44 51
537 46 51
538 40 57
539 40 59
540 45 52
541 47 52
542 41 58
543 46 53
544 42 59
545 47 54
546 36 52
547 36 56
548 40 48
549 44 48
550 37 53
551 37 57
552 41 49
553 45 49
554 38 54
555 38 58
556 42 50
557 46 50
558 39 55
559 39 59
560 43 51
561 47 51
562 40 56
563 44 52
564 41 57
565 45 53
566 42 58
567 46 54
568 43 59
569 47 55
570 24 54
571 30 48
572 25 55
573 31 49
574 26 56
575 32 50
576 27 57
577 33 51
578 28 58
579 34 52
580 29 59
581 35 53
582 24 53
583 24 55
584 29 48
585 31 48
586 25 54
587 25 56
588 30 49
589 32 49
590 26 55
591 26 57
592 31 50
593 33 50
594 27 56
595 27 58
596 32 51
597 34 51
598 28 57
599 28 59
600 33 52
601 35 52
602 29 58
603 34 53
604 30 59
605 35 54
606 24 52
607 24 56
608 28 48
609 32 48
610 25 53
611 25 57
612 29 49
613 33 49
614 26 54
615 26 58
616 30 50
617 34 50
618 27 55
619 27 59
620 31 51
621 35 51
622 28 56
623 32 52
624 29 57
625 33 53
626 30 58
627 34 54
628 31 59
629 35 55
630 12 54
631 18 48
632 13 55
633 19 49
634 14 56
635 20 50
636 15 57
637 21 51
638 16 58
639 22 52
640 17 59
641 23 53
642 12 53
643 12 55
644 17 48
645 19 48
646 13 54
647 13 56
648 18 49
649 20 49
650 14 55
651 14 57
652 19 50
653 21 50
654 15 56
655 15 58
656 20 51
657 22 51
658 16 57
659 16 59
660 21 52
661 23 52
662 17 58
663 22 53
664 18 59
665 23 54
666 12 52
667 12 56
668 16 48
669 20 48
670 13 53
671 13 57
672 17 49
673 21 49
674 14 54
675 14 58
676 18 50
677 22 50
678 15 55
679 15 59
680 19 51
681 23 51
682 16 56
683 20 52
684 17 57
685 21 53
686 18 58
687 22 54
688 19 59
689 23 55
690 0 54
691 6 48
692 1 55
693 7 49
694 2 56
695 8 50
696 3 57
697 9 51
698 4 58
699 10 52
700 5 59
701 11 53
702 0 53
703 0 55
704 5 48
705 7 48
706 1 54
707 1 56
708 6 49
709 8 49
710 2 55
711 2 57
712 7 50
713 9 50
714 3 56
715 3 58
716 8 51
717 10 51
718 4 57
719 4 59
720 9 52
721 11 52
722 5 58
723 10 53
724 6 59
725 11 54
726 0 52
727 0 56
728 4 48
729 8 48
730 1 53
731 1 57
732 5 49
733 9 49
734 2 54
735 2 58
736 6 50
737 10 50
738 3 55
739 3 59
740 7 51
741 11 51
742 4 56
743 8 52
744 5 57
745 9 53
746 6 58
747 10 54
748 7 59
749 11 55
750 60 66
751 61 67
752 62 68
753 63 69
754 64 70
755 65 71
756 60 65
757 60 67
758 61 66
759 61 68
760 62 67
761 62 69
762 63 68
763 63 70
764 64 69
765 64 71
766 65 70
767 66 71
768 60 64
769 60 68
770 61 65
771 61 69
772 62 66
773 62 70
774 63 67
775 63 71
776 64 68
777 65 69
778 66 70
779 67 71
780 48 66
781 54 60
782 49 67
783 55 61
784 50 68
785 56 62
786 51 69
787 57 63
788 52 70
789 58 64
790 53 71
791 59 65
792 48 65
793 48 67
794 53 60
795 55 60
796 49 66
797 49 68
798 54 61
799 56 61
800 50 67
801 50 69
802 55 62
803 57 62
804 51 68
805 51 70
806 56 63
807 58 63
808 52 69
809 52 71
810 57 64
811 59 64
812 53 70
813 58 65
814 54 71
815 59 66
816 48 64
817 48 68
818 52 60
819 56 60
820 49 65
821 49 69
822 53 61
823 57 61
824 50 66
825 50 70
826 54 62
827 58 62
828 51 67
829 51 71
830 55 63
831 59 63
832 52 68
833 56 64
834 53 69
835 57 65
836 54 70
837 58 66
838 55 71
839 59 67
840 36 66
841 42 60
842 37 67
843 43 61
844 38 68
845 44 62
846 39 69
847 45 63
848 40 70
849 46 64
850 41 71
851 47 65
852 36 65
853 36 67
854 41 60
855 43 60
856 37 66
857 37 68
858 42 61
859 44 61
860 38 67
861 38 69
862 43 62
863 45 62
864 39 68
865 39 70
866 44 63
867 46 63
868 40 69
869 40 71
870 45 64
871 47 64
872 41 70
873 46 65
874 42 71
875 47 66
876 36 64
877 36 68
878 40 60
879 44 60
880 37 65
881 37 69
882 41 61
883 45 61
884 38 66
885 38 70
886 42 62
887 46 62
888 39 67
889 39 71
890 43 63
891 47 63
892 40 68
893 44 64
894 41 69
895 45 65
896 42 70
897 46 66
898 43 71
899 47 67
900 24 66
901 30 60
902 25 67
903 31 61
904 26 68
905 32 62
906 27 69
907 33 63
908 28 70
909 34 64
910 29 71
911 35 65
912 24 65
913 24 67
914 29 60
915 31 60
916 25 66
917 25 68
918 30 61
919 32 61
920 26 67
921 26 69
922 31 62
923 33 62
924 27 68
925 27 70
926 32 63
927 34 63
928 28 69
929 28 71
930 33 64
931 35 64
932 29 70
933 34 65
934 30 71
935 35 66
936 24 64
937 24 68
938 28 60
939 32 60
940 25 65
941 25 69
942 29 61
943 33 61
944 26 66
945 26 70
946 30 62
947 34 62
948 27 67
949 27 71
950 31 63
951 35 63
952 28 68
953 32 64
954 29 69
955 33 65
956 30 70
957 34 66
958 31 71
959 35 67
960 12 66
961 18 60
962 13 67
963 19 61
964 14 68
965 20 62
966 15 69
967 21 63
968 16 70
969 22 64
970 17 71
971 23 65
972 12 65
973 12 67
974 17 60
975 19 60
976 13 66
977 13 68
978 18 61
979 20 61
980 14 67
981 14 69
982 19 62
983 21 62
984 15 68
985 15 70
986 20 63
987 22 63
988 16 69
989 16 71
990 21 64
991 23 64
992 17 70
993 22 65
994 18 71
995 23 66
996 12 64
997 12 68
998 16 60
999 20 60
1000 13 65
1001 13 69
1002 17 61
1003 21 61
1004 14 66
1005 14 70
1006 18 62
1007 22 62
1008 15 67
1009 15 71
1010 19 63
1011 23 63
1012 16 68
1013 20 64
1014 17 69
1015 21 65
1016 18 70
1017 22 66
1018 19 71
1019 23 67
1020 0 66
1021 6 60
1022 1 67
1023 7 61
1024 2 68
1025 8 62
1026 3 69
1027 9 63
1028 4 70
1029 10 64
1030 5 71
1031 11 65
1032 0 65
1033 0 67
1034 5 60
1035 7 60
1036 1 66
1037 1 68
1038 6 61
1039 8 61
1040 2 67
1041 2 69
1042 7 62
1043 9 62
1044 3 68
1045 3 70
1046 8 63
1047 10 63
1048 4 69
1049 4 71
1050 9 64
1051 11 64
1052 5 70
1053 10 65
1054 6 71
1055 11 66
1056 0 64
1057 0 68
1058 4 60
1059 8 60
1060 1 65
1061 1 69
1062 5 61
1063 9 61
1064 2 66
1065 2 70
1066 6 62
1067 10 62
1068 3 67
1069 3 71
1070 7 63
1071 11 63
1072 4 68
1073 8 64
1074 5 69
1075 9 65
1076 6 70
1077 10 66
1078 7 71
1079 11 67