0 0 6
1 1 7
2 2 8
3 3 9
4 4 10
5 5 11
6 0 5
7 0 7
8 1 6
9 1 8
10 2 7
11 2 9
12 3 8
13 3 10
14 4 9
15 4 11
16 5 10
17 6 11
18 0 4
19 0 8
20 1 5
21 1 9
22 2 6
23 2 10
24 3 7
25 3 11
26 4 8
27 5 9
28 6 10
29 7 11
30 0 3
31 0 9
32 1 4
33 1 10
34 2 5
35 2 11
36 3 6
37 4 7
38 5 8
39 6 9
40 7 10
41 8 11
42 0 2
43 0 10
44 1 3
45 1 11
46 2 4
47 3 5
48 4 6
49 5 7
50 6 8
51 7 9
52 8 10
53 9 11
54 12 18
55 13 19
56 14 20
57 15 21
58 16 22
59 17 23
60 12 17
61 12 19
62 13 18
63 13 20
64 14 19
65 14 21
66 15 20
67 15 22
68 16 21
69 16 23
70 17 22
71 18 23
72 12 16
73 12 20
74 13 17
75 13 21
76 14 18
77 14 22
78 15 19
79 15 23
80 16 20
81 17 21
82 18 22
83 19 23
84 12 15
85 12 21
86 13 16
87 13 22
88 14 17
89 14 23
90 15 18
91 16 19
92 17 20
93 18 21
94 19 22
95 20 23
96 12 14
97 12 22
98 13 15
99 13 23
100 14 16
101 15 17
102 16 18
103 17 19
104 18 20
105 19 21
106 20 22
107 21 23
108 0 18
109 6 12
110 1 19
111 7 13
112 2 20
113 8 14
114 3 21
115 9 15
116 4 22
117 10 16
118 5 23
119 11 17
120 0 17
121 0 19
122 5 12
123 7 12
124 1 18
125 1 20
126 6 13
127 8 13
128 2 19
129 2 21
130 7 14
131 9 14
132 3 20
133 3 22
134 8 15
135 10 15
136 4 21
137 4 23
138 9 16
139 11 16
140 5 22
141 10 17
142 6 23
143 11 18
144 0 16
145 0 20
146 4 12
147 8 12
148 1 17
149 1 21
150 5 13
151 9 13
152 2 18
153 2 22
154 6 14
155 10 14
156 3 19
157 3 23
158 7 15
159 11 15
160 4 20
161 8 16
162 5 21
163 9 17
164 6 22
165 10 18
166 7 23
167 11 19
168 0 15
169 0 21
170 3 12
171 9 12
172 1 16
173 1 22
174 4 13
175 10 13
176 2 17
177 2 23
178 5 14
179 11 14
180 3 18
181 6 15
182 4 19
183 7 16
184 5 20
185 8 17
186 6 21
187 9 18
188 7 22
189 10 19
190 8 23
191 11 20
192 0 14
193 0 22
194 2 12
195 10 12
196 1 15
197 1 23
198 3 13
199 11 13
200 2 16
201 4 14
202 3 17
203 5 15
204 4 18
205 6 16
206 5 19
207 7 17
208 6 20
209 8 18
210 7 21
211 9 19
212 8 22
213 10 20
214 9 23
215 11 21
216 24 30
217 25 31
218 26 32
219 27 33
220 28 34
221 29 35
222 24 29
223 24 31
224 25 30
225 25 32
226 26 31
227 26 33
228 27 32
229 27 34
230 28 33
231 28 35
232 29 34
233 30 35
234 24 28
235 24 32
236 25 29
237 25 33
238 26 30
239 26 34
240 27 31
241 27 35
242 28 32
243 29 33
244 30 34
245 31 35
246 24 27
247 24 33
248 25 28
249 25 34
250 26 29
251 26 35
252 27 30
253 28 31
254 29 32
255 30 33
256 31 34
257 32 35
258 24 26
259 24 34
260 25 27
261 25 35
262 26 28
263 27 29
264 28 30
265 29 31
266 30 32
267 31 33
268 32 34
269 33 35
270 12 30
271 18 24
272 13 31
273 19 25
274 14 32
275 20 26
276 15 33
277 21 27
278 16 34
279 22 28
280 17 35
281 23 29
282 12 29
283 12 31
284 17 24
285 19 24
286 13 30
287 13 32
288 18 25
289 20 25
290 14 31
291 14 33
292 19 26
293 21 26
294 15 32
295 15 34
296 20 27
297 22 27
298 16 33
299 16 35
300 21 28
301 23 28
302 17 34
303 22 29
304 18 35
305 23 30
306 12 28
307 12 32
308 16 24
309 20 24
310 13 29
311 13 33
312 17 25
313 21 25
314 14 30
315 14 34
316 18 26
317 22 26
318 15 31
319 15 35
320 19 27
321 23 27
322 16 32
323 20 28
324 17 33
325 21 29
326 18 34
327 22 30
328 19 35
329 23 31
330 12 27
331 12 33
332 15 24
333 21 24
334 13 28
335 13 34
336 16 25
337 22 25
338 14 29
339 14 35
340 17 26
341 23 26
342 15 30
343 18 27
344 16 31
345 19 28
346 17 32
347 20 29
348 18 33
349 21 30
350 19 34
351 22 31
352 20 35
353 23 32
354 12 26
355 12 34
356 14 24
357 22 24
358 13 27
359 13 35
360 15 25
361 23 25
362 14 28
363 16 26
364 15 29
365 17 27
366 16 30
367 18 28
368 17 31
369 19 29
370 18 32
371 20 30
372 19 33
373 21 31
374 20 34
375 22 32
376 21 35
377 23 33
378 0 30
379 6 24
380 1 31
381 7 25
382 2 32
383 8 26
384 3 33
385 9 27
386 4 34
387 10 28
388 5 35
389 11 29
390 0 29
391 0 31
392 5 24
393 7 24
394 1 30
395 1 32
396 6 25
397 8 25
398 2 31
399 2 33
400 7 26
401 9 26
402 3 32
403 3 34
404 8 27
405 10 27
406 4 33
407 4 35
408 9 28
409 11 28
410 5 34
411 10 29
412 6 35
413 11 30
414 0 28
415 0 32
416 4 24
417 8 24
418 1 29
419 1 33
420 5 25
421 9 25
422 2 30
423 2 34
424 6 26
425 10 26
426 3 31
427 3 35
428 7 27
429 11 27
430 4 32
431 8 28
432 5 33
433 9 29
434 6 34
435 10 30
436 7 35
437 11 31
438 0 27
439 0 33
440 3 24
441 9 24
442 1 28
443 1 34
444 4 25
445 10 25
446 2 29
447 2 35
448 5 26
449 11 26
450 3 30
451 6 27
452 4 31
453 7 28
454 5 32
455 8 29
456 6 33
457 9 30
458 7 34
459 10 31
460 8 35
461 11 32
462 0 26
463 0 34
464 2 24
465 10 24
466 1 27
467 1 35
468 3 25
469 11 25
470 2 28
471 4 26
472 3 29
473 5 27
474 4 30
475 6 28
476 5 31
477 7 29
478 6 32
479 8 30
480 7 33
481 9 31
482 8 34
483 10 32
484 9 35
485 11 33
